loss_test:0.3584251078899448
acc_test:0.839930371606731
