loss_test:0.2654434258190684
acc_test:0.8775952975634908
