loss_test:0.3505004841895676
acc_test:0.8454804611649943
